20160418,83.4200,83.7500,82.6600,82.6700,3716800
20160419,83.9800,84.1400,83.3900,83.5000,3423700
20160420,82.8700,83.9600,82.5200,83.9400,3737200
20160421,82.7500,83.6300,82.5000,83.0800,3328900
20160422,82.3300,83.1300,82.1500,82.8900,3208300
20160425,82.6000,82.6000,81.6000,82.1500,3163700
20160426,82.6000,83.1100,82.4300,82.6400,2933800
20160427,83.2900,83.5700,82.2000,82.6700,3580200
20160428,81.3300,82.9900,81.1500,82.8200,3833000
20160429,79.5000,80.6800,79.0100,80.6000,6838700
20160502,80.1200,80.1600,79.0400,79.4500,4891900
20160503,79.9900,80.3400,79.5700,79.9700,3231300
20160504,79.7100,80.2700,79.4300,79.6700,3214500
20160505,78.1300,79.7100,77.6200,79.5600,5655500
20160506,78.7400,78.8600,77.8500,78.1300,3459200
20160509,79.9300,80.3000,78.7700,79.0900,4391500
20160510,80.0500,80.5100,79.3000,79.8600,3855000
20160511,75.7000,77.3700,75.6800,77.0600,11492700
20160512,75.6000,76.4000,75.3100,75.3300,9124900
20160513,73.8800,75.3900,73.7800,75.2600,9456800
20160516,74.6100,75.3500,73.0000,73.5500,8756400
20160517,73.6100,75.1000,73.0600,74.6500,9292800
20160518,68.0000,68.6200,65.5000,67.4800,36405600
20160519,67.0600,68.7100,66.7900,68.1600,12987700
20160520,68.6600,69.1400,67.0000,67.3900,9325800
20160523,67.9300,69.0500,67.8600,68.7800,7890200
20160524,68.6900,69.2200,68.0200,68.0700,7586700
20160525,69.2800,69.6800,68.3200,68.8200,8697700
20160526,68.9100,70.1100,68.8000,69.6300,7018000
20160527,68.9000,69.5300,68.7600,68.9800,4778000
20160531,68.7800,69.4700,68.4700,69.2800,8560500
20160601,68.4100,68.9600,68.0100,68.9600,8786700
20160602,68.3200,68.4200,67.7400,67.7400,13664100
20160603,68.6500,69.0300,68.0700,68.3800,7236300
20160606,68.8100,69.2200,68.2300,68.6200,5623900
20160607,68.2400,69.6400,68.1900,69.2200,5375400
20160608,68.6200,68.9100,68.1200,68.3500,5708900
20160609,67.6900,68.8700,67.3600,68.5800,6122900
20160610,67.8800,68.1300,67.0500,67.4500,4743600
20160613,66.8900,68.0900,66.8400,67.8500,4603700
20160614,66.7400,66.9400,65.9300,66.6700,5271800
20160615,67.2700,67.8500,66.8900,66.9800,5894700
20160616,66.9800,67.5400,66.7300,67.2200,4967900
20160617,67.5000,68.0900,66.8700,67.0100,7864300
20160620,67.9900,68.8900,67.9900,68.1100,4327200
20160621,68.3000,68.8400,67.6700,68.2700,4579800
20160622,68.8600,69.2000,68.2600,68.2600,4421800
20160623,69.7800,70.2000,69.2900,69.3700,7511100
20160624,69.3500,69.8600,68.0800,68.2300,6760800
20160627,69.4500,69.7200,67.9000,69.0500,5570000
20160628,69.7400,70.4100,69.0600,69.7100,7325300
20160629,70.0000,70.5800,69.6800,69.7600,6771300
20160630,69.8200,70.3000,69.4000,70.2000,6502300
20160701,70.0500,70.5000,69.6000,69.6400,5005400
20160705,69.7400,70.2100,69.3800,70.0000,3311100
20160706,70.5100,70.5400,69.4400,69.5400,3907800
20160707,70.0900,70.9200,69.7500,70.4600,5088100
20160708,71.3100,71.5700,70.4600,70.6700,4675400
20160711,72.5400,72.7200,71.3500,71.4000,5264100
20160712,73.5200,73.6000,72.4400,72.4900,6648500
20160713,73.1700,73.8400,73.0900,73.5200,3606700
20160714,73.4900,74.2200,73.4900,73.5900,4802000
20160715,73.0400,73.7900,72.5000,73.4900,5205300
20160718,73.9600,74.0200,72.8800,72.8800,3852600
20160719,73.9500,74.0200,73.4100,73.8900,4255700
20160720,74.4800,74.5000,73.9600,74.2000,2802300
20160721,74.3400,74.6900,74.1500,74.4100,3269200
20160722,74.9200,75.0000,74.1700,74.5000,2514400
20160725,76.3000,76.3300,74.8700,74.9400,4208000
20160726,76.2200,77.3800,76.0300,76.3800,5027200
20160727,75.2500,76.3800,75.0400,76.3800,3161800
20160728,74.7900,75.2300,74.0500,75.0400,4165900
20160729,75.3300,75.3900,74.5400,74.9000,4969000
20160801,75.5100,75.5600,74.6700,74.8400,3818200
20160802,73.8900,76.4400,73.6900,75.9600,5071800
20160803,74.1000,74.1100,72.1600,73.2100,5490100
20160804,74.1400,74.4700,73.7800,74.0000,3095300
20160805,74.9400,75.1100,74.3400,74.5100,3056600
20160808,75.0000,75.5200,74.5500,75.0000,3022200
20160809,72.6100,73.6200,71.7400,73.6200,7492600
20160810,73.0500,73.3800,72.6700,72.8800,4037400
20160811,74.0100,75.1800,73.5300,75.1500,6311400
20160812,75.8100,75.9600,74.2600,74.3600,6670900
20160815,75.5300,76.2300,75.2700,75.5800,5373400
20160816,75.4800,76.0800,75.1200,75.4800,6924200
20160817,70.6300,71.6500,69.9000,70.4800,19611500
20160818,70.3000,70.7100,69.2400,70.4300,11650900
20160819,70.1200,70.7200,69.9900,70.1100,5930800
20160822,70.3900,70.5800,69.8200,70.3000,4548900
20160823,71.0500,71.5000,70.5900,70.5900,5622700
20160824,71.7300,71.9400,71.1900,71.2300,5780500
20160825,70.8100,72.1000,70.5900,71.4100,5068000
20160826,70.3500,71.5000,70.0800,70.7800,5023100
20160829,71.0500,71.1400,70.3000,70.4300,3992200
20160830,70.3900,71.1400,70.1100,71.0500,4031800
20160831,70.1900,70.8500,69.9300,70.1700,5025100
20160901,70.5800,70.7000,70.1000,70.3400,5199900
20160902,70.8100,71.4300,70.4600,70.9500,7857000
20160906,70.1000,70.9600,69.5700,70.8800,8235200
20160907,70.3000,70.4200,69.8100,69.9400,5131500
20160908,69.4600,70.3000,69.4200,70.3000,9141200
20160909,69.0000,69.4200,68.7500,69.0400,6177800
20160912,69.3000,69.5200,68.2100,68.4500,8167900
20160913,68.9400,69.4500,68.8200,69.1000,9374900
20160914,68.2000,69.4600,68.0900,69.2900,6638000
20160915,69.2100,69.3200,67.9200,68.0600,5370900
20160916,69.2300,69.3300,68.7600,68.9200,7138000
20160919,68.8900,69.7700,68.8700,69.3800,4504600
20160920,68.6200,69.2900,68.4700,69.1900,2988200
20160921,69.4700,69.6400,68.7200,69.1500,4311000
20160922,68.5600,70.0600,68.0400,69.6600,7619200
20160923,68.7700,68.9800,68.3000,68.3700,3541900
20160926,67.2200,68.4500,67.1200,68.4500,6902800
20160927,68.2900,68.5000,67.7300,68.0500,5778400
20160928,67.8200,68.3600,67.7300,68.2200,3376000
20160929,67.7200,68.2700,67.6700,67.8500,2887300
20160930,68.6800,68.9000,67.7700,67.7700,4900500
20161003,68.6800,69.0300,68.3800,68.5000,3295900
20161004,68.6500,69.5600,68.5000,68.7800,4376500
20161005,67.7400,68.7200,67.6300,68.6200,4762300
20161006,68.4100,68.5800,67.2100,67.5400,5032300
20161007,69.0400,69.2100,68.4800,68.6100,3863100
20161010,68.8600,69.4100,68.6900,69.4100,2724100
20161011,68.3900,69.0200,68.2800,68.7900,3029900
20161012,67.8600,68.5600,67.8100,68.4600,4279600
20161013,67.8900,68.1800,67.3100,67.6700,3292100
20161014,68.1100,68.5500,67.7100,67.9000,3818700
20161017,67.2400,68.0000,67.0900,67.9800,4059500
20161018,67.3600,67.7200,67.0100,67.5500,3011600
20161019,67.5300,67.7000,67.1200,67.6300,2619600
20161020,67.7100,67.8900,67.4500,67.6200,3961200
20161021,68.2300,68.4500,67.2500,67.4300,3121800
20161024,68.2600,68.7000,68.0000,68.3300,2545800
20161025,67.9500,68.3300,67.8000,68.0000,2553100
20161026,68.5900,68.9600,67.7900,67.8800,2846500
20161027,67.6200,68.7800,67.4900,68.5900,3731200
20161028,68.8300,69.2500,67.7200,67.7200,4114500
20161031,68.7300,69.2500,68.5100,68.7800,3349500
20161101,67.7800,68.8300,67.4000,68.6600,4019500
20161102,68.2600,68.4900,67.3500,67.7200,3970600
20161103,66.6700,68.5900,66.5500,68.5400,5068400
20161104,66.5300,67.3100,66.5200,66.7200,3937300
20161107,67.5300,67.5700,67.0300,67.2200,4777700
20161108,67.0500,67.7400,66.6500,67.3600,5097500
20161109,68.8100,69.2500,66.0100,66.2900,9570700
20161110,70.5400,72.2000,69.3900,69.6700,9639100
20161111,71.3500,71.5400,70.2000,70.4300,5330600
20161114,72.1700,72.8800,70.8500,71.0700,7455400
20161115,71.4400,72.3700,71.1700,72.3100,7693800
20161116,76.0300,78.3000,75.5600,77.5000,22059200
20161117,76.1300,76.4300,75.4000,76.1800,8065000
20161118,76.1900,76.3900,75.6900,75.9000,6057500
20161121,76.5100,76.8100,76.0000,76.1200,4477000
20161122,77.8700,78.1300,76.8600,76.8900,5853300
20161123,78.4800,78.9600,77.5800,77.9300,6768400
20161125,78.6100,79.3300,78.4200,78.8500,2543800
20161128,77.7200,78.9400,77.5000,78.3700,5405500
20161129,78.4100,78.6900,77.7500,78.0000,4694000
20161130,77.2400,78.0400,77.0600,77.7300,5819100
20161201,77.8200,78.5800,76.5900,76.8600,6685300
20161202,77.9400,78.4000,76.8300,77.2400,7523700
20161205,76.9800,78.0800,76.8000,78.0100,7173300
20161206,76.7700,77.0800,76.0500,76.9100,7704200
20161207,76.9700,77.1800,76.1000,76.7900,6791000
20161208,77.8400,78.4200,77.1600,77.3500,5090500
20161209,77.3900,77.6900,76.8800,77.4400,4047700
20161212,76.7400,77.4300,76.3500,76.9800,4489300
20161213,77.6700,78.0600,76.4900,77.0000,4925600
20161214,77.1900,77.8500,76.8500,77.4500,6045400
20161215,76.9800,77.6900,76.7900,77.1400,4089400
20161216,76.7500,78.3700,76.4700,77.0400,8217400
20161219,77.0400,77.6400,76.5200,76.5800,2856600
20161220,77.6500,78.0000,77.2600,77.3500,3504600
20161221,77.1300,77.8700,77.1200,77.3700,2152400
20161222,73.7400,77.0000,73.4100,76.8500,8438800
20161223,73.5000,74.4800,73.2900,73.9800,3333700
20161227,73.7000,74.2300,73.5600,73.8300,2200300
20161228,72.8300,73.9800,72.7500,73.7500,2648500
20161229,72.6200,73.1700,72.4300,72.7800,2795300
20161230,72.2300,72.9300,71.8800,72.7100,3069200
20170103,72.7500,72.8900,71.9900,72.6600,3907100
20170104,73.8100,74.2400,73.1000,73.1000,5316200
20170105,72.5600,72.7200,70.8500,72.3300,7096300
20170106,71.4400,72.2300,71.1800,71.9800,5235100
20170109,71.4300,71.8700,71.3600,71.5500,3807100
20170110,71.4300,72.0100,71.0100,71.3800,4681800
20170111,71.6100,71.9300,71.3300,71.6800,3479900
20170112,71.2500,71.7100,70.7900,71.4300,4163200
20170113,70.1900,71.3800,70.0300,71.0700,5332300
20170117,70.9400,72.0800,70.6300,70.7600,5426700
20170118,66.8500,68.0000,66.3500,68.0000,19063200
20170119,65.3900,66.8800,65.0600,66.3300,12274900
20170120,64.1000,65.4100,63.7800,65.3900,12983500
20170123,63.8500,64.5500,63.5500,64.0700,7909000
20170124,64.4100,64.4200,63.6100,63.8500,6084400
20170125,65.0000,65.1700,64.6600,64.7300,5702500
20170126,64.1700,64.9100,64.1200,64.8500,4393100
20170127,63.7000,64.7700,62.9400,64.5500,7472000
20170130,64.1200,64.1400,63.4900,63.7000,5220500
20170131,64.4800,64.5000,63.4500,63.8000,5735100
20170201,63.6700,64.1600,63.4600,63.9800,5307400
20170202,63.6800,64.1700,63.6600,63.9100,5518400
20170203,63.7500,64.3500,63.5200,63.8600,4965300
20170206,63.4200,63.9500,63.3600,63.7700,6003300
20170207,63.5700,64.1600,63.4500,63.8800,4256000
20170208,64.7700,64.9100,63.3800,63.5100,4511000
20170209,66.4100,66.5400,64.6100,64.7700,7754800
20170210,65.7300,66.9600,65.2200,66.5100,5520800
20170213,64.8100,65.7000,64.5300,65.6200,4218200
20170214,65.6500,65.6600,64.5200,64.5200,5115400
20170215,65.7500,65.9500,65.2400,65.5000,3958500
20170216,65.2000,65.8500,65.0300,65.7700,3294900
20170217,65.7900,65.9000,64.9200,65.2400,4116700
20170221,66.2100,66.3900,65.7900,66.2600,4688300
20170222,65.9400,66.2800,65.6000,66.0600,3019800
20170223,64.9800,66.1500,64.8700,66.0400,4817600
20170224,66.5100,66.6400,64.9300,65.2600,6859200
20170227,66.9100,67.0800,66.2300,66.3900,6825700
20170228,58.7700,66.9100,57.3000,66.9100,45090800
20170301,57.8300,59.3300,57.3500,58.7800,22760400
20170302,57.9500,58.5200,57.7500,58.0000,10957100
20170303,57.3500,58.2800,57.0900,58.2400,9057200
20170306,56.1000,57.3500,56.0000,57.3000,11293100
20170307,55.1400,56.4300,55.0500,56.1000,13217700
20170308,55.0200,55.5500,55.0000,55.4400,9404700
20170309,55.2000,55.3500,54.4100,55.0000,10840200
20170310,55.3600,55.8800,55.0500,55.3500,7460200
20170313,55.1900,55.6100,54.8400,55.3800,7492700
20170314,54.7500,55.3700,54.6800,55.2000,5847000
20170315,54.5700,54.7100,54.1200,54.6000,8216900
20170316,54.5900,54.9500,54.2500,54.4000,6277300
20170317,54.2900,54.7800,54.2900,54.7000,14030000
20170320,54.3700,54.6400,53.9400,54.5500,8010500
20170321,53.3900,54.4600,53.2300,54.4100,9091100
20170322,53.5800,53.6700,52.7700,53.3500,5831300
20170323,53.1400,53.6400,53.0500,53.4800,5688000
20170324,53.1200,53.3500,52.9100,53.2500,4297900
20170327,53.3300,53.7500,52.8500,53.0000,7636400
20170328,53.6000,53.6800,53.1800,53.1900,4376500
20170329,55.1500,55.5800,53.5500,53.6500,9691300
20170330,55.2500,55.4100,54.8700,55.0600,4783300
20170331,55.1900,55.7700,55.1300,55.2000,7412200
20170403,54.0300,55.2300,53.8500,55.2200,6872100
20170404,53.4300,53.9900,52.9800,53.8200,6574900
20170405,52.7500,53.8400,52.7200,53.5500,6756800
20170406,53.5700,54.1300,53.0700,53.1600,8666800
20170407,53.2400,53.7900,52.9700,53.4700,5269100
20170410,53.7900,54.3400,53.4000,53.4800,4928500
20170411,53.7100,53.9000,53.1400,53.8100,4909400
20170412,53.4000,53.5300,53.1900,53.3600,4441100
20170413,53.3900,53.6400,53.2900,53.4900,5083000
20170417,53.6800,53.6800,53.1000,53.3600,4701000
