20160107,97.9200,101.4300,97.3000,100.5000,45172900
20160108,97.3300,100.5000,97.0300,99.8800,35402300
20160111,97.5100,98.6000,95.3900,97.9100,29932400
20160112,99.3700,99.9600,97.5500,99.0000,28395400
20160113,95.4400,100.5800,95.2100,100.5800,33410600
20160114,98.3700,98.8700,92.4500,95.8500,48658600
20160115,94.9700,96.3800,93.5400,93.9800,45935600
20160119,95.2600,97.4200,93.9200,96.5300,30998300
20160120,94.3500,95.0000,89.3700,92.8300,59051400
20160121,94.1600,95.9900,92.6200,94.9100,30518900
20160122,97.9400,98.0700,95.4900,96.4100,30495400
20160125,97.0100,99.4800,96.9300,98.7200,32482000
20160126,97.3400,97.8800,95.6600,97.7600,26877100
20160127,94.4500,97.8500,94.2300,97.7900,58699400
20160128,109.1100,110.3400,104.8100,107.2000,107475296
20160129,112.2100,112.8400,108.8400,108.9900,62739500
20160201,115.0900,115.7200,112.0100,112.2700,46132700
20160202,114.6100,117.5900,113.2000,114.8000,59778600
20160203,112.6900,115.3400,109.7500,115.2700,56919300
20160204,110.4900,111.9400,109.2500,111.8000,38890200
20160205,104.0700,109.5800,103.1800,109.5100,76894704
20160208,99.7500,102.6800,97.4600,100.4100,71229696
20160209,99.5400,102.4000,96.8200,97.1400,62709000
20160210,101.0000,103.2500,100.2400,101.5500,45179400
20160211,101.9100,105.1100,98.8800,99.6000,43670600
20160212,102.0100,104.2400,101.0900,103.7400,36176800
20160216,101.6100,103.9300,100.2400,103.8000,45687200
20160217,105.2000,105.7200,100.4000,102.0200,44073400
20160218,103.4700,106.0000,103.0300,105.8000,29593500
20160219,104.5700,105.0200,102.0600,102.5500,32404500
20160222,107.1600,108.2500,105.3400,105.4900,35709700
20160223,105.4600,107.4700,105.1200,106.8500,25319300
20160224,106.8800,106.9500,102.7400,104.2100,34412400
20160225,108.0700,108.0700,105.6100,107.1100,29906300
20160226,107.9200,109.4500,107.1600,108.7000,26686200
20160229,106.9200,108.9100,106.7500,107.6000,32779000
20160301,109.8200,109.8200,107.6000,107.8300,26817300
20160302,109.9500,110.5500,108.7700,109.6800,25670200
20160303,109.5800,110.3000,108.5400,110.2500,21353100
20160304,108.3900,110.0500,107.9300,110.0500,24938900
20160307,105.7300,108.0700,104.7200,108.0700,31436400
20160308,105.9300,107.3700,104.4000,104.7800,25617000
20160309,107.5100,107.5100,105.4900,106.7000,20493300
20160310,107.3200,108.6600,105.7700,107.9100,24854300
20160311,109.4100,109.4200,107.9200,108.4800,20697600
20160314,109.8900,110.3300,108.7700,109.2800,17249400
20160315,110.6700,110.8300,108.8400,109.1100,17618500
20160316,112.1800,112.5000,110.1000,110.4900,24744800
20160317,111.0200,112.6900,110.7300,112.1500,24241200
20160318,111.4500,112.4200,110.2700,111.5600,36256900
20160321,111.8500,112.3700,111.0300,111.6600,18448000
20160322,112.2500,112.8800,111.1700,111.3600,19001100
20160323,112.5400,113.1900,112.0000,112.0100,18562000
20160324,113.0500,113.0900,111.6800,112.1300,17839100
20160328,113.6900,114.5900,112.9500,113.3200,21351800
20160329,116.1400,116.3200,113.6400,113.8300,29825300
20160330,114.7000,116.9900,114.3600,116.7300,33235200
20160331,114.1000,115.0100,113.7700,114.7000,21207500
20160401,116.0600,116.1700,113.3500,113.7500,24760500
20160404,112.5500,114.5500,111.6100,114.0700,48487900
20160405,112.2200,113.3200,111.9000,112.1100,22962400
20160406,113.7100,113.8100,112.4200,112.4700,20814600
20160407,113.6400,114.8900,113.0700,113.7900,20714500
20160408,110.6300,114.3300,109.9000,114.2500,48497800
20160411,108.9900,110.9100,108.7700,110.7000,39762300
20160412,110.6100,111.1600,108.9900,109.3400,26248100
20160413,110.5100,112.6500,106.5200,112.2300,88227400
20160414,110.8400,112.0400,110.2600,110.6200,28473300
20160415,109.6400,110.9700,109.2000,110.7900,20922800
20160418,110.4500,110.8100,109.2000,109.7400,21092700
20160419,112.2900,112.4500,109.1600,111.1000,30210500
20160420,112.4200,113.2700,111.5600,112.4300,21027900
20160421,113.4400,114.0400,112.3100,112.5500,20875200
20160422,110.5600,111.7500,109.0100,111.2100,38458200
20160425,110.1000,110.6700,109.0700,109.8700,21017900
20160426,108.7600,110.5000,108.1500,110.4900,22521500
20160427,108.8900,108.9400,106.3100,107.9400,52213100
20160428,116.7300,120.7900,116.2300,119.5800,87110096
20160429,117.5800,117.8400,115.8400,116.8200,37140600
20160502,118.5700,118.7300,116.5700,117.8300,28095200
20160503,117.4300,118.1600,117.0200,117.5200,24117500
20160504,118.0600,118.3000,116.5700,116.6100,23448400
20160505,117.8100,118.9800,117.2500,118.0400,22056700
20160506,119.4900,119.6400,117.1100,117.1600,26216200
20160509,119.2400,120.2800,118.9000,119.5400,21138100
20160510,120.5000,120.5000,119.0000,119.6200,23220000
20160511,119.5200,121.0800,119.4200,120.4100,22038400
20160512,120.2800,120.8400,118.9000,119.9800,22035500
20160513,119.8100,120.6400,119.6800,120.3800,18124300
20160516,118.6700,119.6100,117.3500,119.3800,31247800
20160517,117.3500,119.0100,117.2000,118.8200,21328600
20160518,117.6500,118.2700,116.7300,116.8000,21642300
20160519,116.8100,117.4900,115.8800,117.0500,20544100
20160520,117.3500,117.9900,116.9500,116.9600,18944800
20160523,115.9700,117.6000,115.9400,117.4200,20441000
20160524,117.7000,117.7300,116.1200,116.2400,20183600
20160525,117.8900,118.6700,117.3800,118.1300,20019800
20160526,119.4700,119.7600,117.9200,118.2400,18481300
20160527,119.3800,119.8500,119.0100,119.5600,13464400
20160531,118.8100,120.1000,118.1200,119.4600,23547600
20160601,118.7800,119.0800,117.8200,118.5000,15029500
20160602,118.9300,119.4400,118.2200,118.6900,13228300
20160603,118.4700,118.9800,117.8600,118.9800,14135100
20160606,118.7900,119.4300,118.3600,118.6200,12744700
20160607,117.7600,119.3000,117.6700,119.2400,17103000
20160608,118.3900,118.6000,117.2700,117.7600,14505600
20160609,118.5600,118.6800,117.7100,118.1300,13859200
20160610,116.6200,118.1100,116.2600,117.5400,18510800
20160613,113.9500,115.4800,113.3100,115.0000,31718200
20160614,114.9400,114.9500,113.5800,114.0700,17618500
20160615,114.6000,115.4400,114.0700,115.3000,19819400
20160616,114.3900,114.5000,112.9400,113.8700,19236300
20160617,113.0200,114.4300,112.5600,114.4200,24644300
20160620,113.3700,114.7200,112.7500,113.7700,20785400
20160621,114.3800,115.2100,113.9700,114.1200,19166300
20160622,113.9100,114.7400,113.6100,114.6500,14846300
20160623,115.0800,115.0900,113.5400,114.3700,16176900
20160624,112.0800,113.6800,111.0000,111.0100,40643100
20160627,108.9700,111.5700,108.2300,111.5700,36130400
20160628,112.7000,112.7500,110.5500,110.6300,26813800
20160629,114.1600,114.2500,113.0400,113.3700,20968300
20160630,114.2800,115.1800,113.6700,114.6700,23192700
20160701,114.1900,115.1300,113.8100,114.2000,14980000
20160705,114.2000,114.2000,112.9700,113.9400,14207000
20160706,116.7000,116.7900,112.9700,113.3600,24337600
20160707,115.8500,116.9700,115.3600,116.6300,16630200
20160708,117.2400,117.5000,115.8500,116.4300,18142600
20160711,117.8700,118.7000,117.5000,117.7100,17711600
20160712,117.9300,118.7200,117.5700,118.6300,15217700
20160713,116.7800,118.4000,116.6800,118.3900,16207700
20160714,117.2900,117.6400,116.7000,117.5000,14579700
20160715,116.8600,118.2800,116.5800,117.7400,16646000
20160718,119.3700,119.6100,116.8900,117.3200,20868400
20160719,120.6100,120.8500,118.6600,118.9900,21541300
20160720,121.9200,122.2000,120.5600,121.2500,20046500
20160721,120.6100,122.1000,120.2500,121.9200,17801700
20160722,121.0000,121.0100,119.3100,119.9000,18422400
20160725,121.6300,121.8500,117.7800,121.3900,18487400
20160726,121.2200,122.0700,120.7500,122.0000,17612000
20160727,123.3400,125.0000,121.5100,122.4200,52654200
20160728,125.0000,128.3300,123.6300,127.5200,78955800
20160729,123.9400,125.8400,123.7100,124.6500,35058800
20160801,124.3100,124.5800,122.8600,123.8500,25006900
20160802,123.0900,124.8000,122.0700,124.0600,23968400
20160803,122.5100,123.9200,122.3100,123.0900,18525300
20160804,124.3600,124.7900,122.5100,122.9400,21066000
20160805,125.1500,125.8400,124.6200,124.9800,20184000
20160808,125.2600,125.4500,124.5500,125.2500,15233900
20160809,125.0600,126.0900,124.5300,125.3400,19621000
20160810,124.8800,125.4800,124.5400,125.0700,10670100
20160811,124.9000,125.3800,124.7500,125.2000,11729500
20160812,124.8800,125.0000,124.1800,124.7000,12159000
20160815,123.9000,124.9200,123.7000,124.9100,19295100
20160816,123.3000,123.9200,122.7800,123.5000,14222400
20160817,124.3700,124.3800,122.8500,123.6600,13794200
20160818,123.9100,124.2600,123.6400,124.0100,12400800
20160819,123.5600,124.1600,123.2800,123.6000,11688300
20160822,124.1500,124.8300,123.1100,123.3300,14386400
20160823,124.3700,125.0900,124.2500,124.5100,13309500
20160824,123.4800,124.6900,123.0900,124.4700,12243700
20160825,123.8900,124.3700,123.1000,123.1200,10730800
20160826,124.9600,125.1900,123.9100,124.0500,17504800
20160829,126.5400,126.7300,124.3500,124.3500,15925900
20160830,125.8400,126.6000,125.1500,126.6000,17804300
20160831,126.1200,126.2200,125.1000,125.6000,14200600
20160901,126.1700,126.6300,125.6000,126.3800,13536100
20160902,126.5100,126.8600,126.0000,126.8500,12118800
20160906,129.7300,129.9400,126.4700,126.6700,26278400
20160907,131.0500,131.9800,129.9500,130.0400,27990800
20160908,130.2700,131.0800,129.8100,130.9200,15676600
20160909,127.1000,129.9500,127.1000,129.7100,27100700
20160912,128.6900,128.7600,125.7500,125.9600,21252800
20160913,127.2100,128.3500,126.6600,128.0300,18016200
20160914,127.7700,128.8000,126.8900,126.8900,15691100
20160915,128.3500,129.1000,127.6700,127.9800,15077200
20160916,129.0700,129.1800,128.2000,128.2000,24119200
20160919,128.6500,129.9400,128.2600,129.9100,14958800
20160920,128.6400,129.1700,128.0300,128.6500,11083800
20160921,129.9400,130.0100,128.3900,129.1300,14068300
20160922,130.0800,130.7300,129.5600,130.5000,15538300
20160923,127.9600,128.6000,127.3000,127.5600,28326300
20160926,127.3100,128.1600,126.8000,127.3700,15064900
20160927,128.6900,129.0100,127.4300,127.6100,15637100
20160928,129.2300,129.4700,128.4000,129.2100,12047600
20160929,128.0900,129.2900,127.5500,129.1800,14532200
20160930,128.2700,128.5900,127.4500,128.0300,18402900
20161003,128.7700,129.0900,127.8000,128.3800,13156900
20161004,128.1900,129.2800,127.5500,129.1700,14307500
20161005,128.4700,128.8000,127.8300,128.2500,12386800
20161006,128.7400,129.0600,128.0800,128.4300,11682700
20161007,128.9900,129.2500,128.3300,129.0400,12804400
20161010,130.2400,130.7000,129.2000,129.6800,15138700
20161011,128.8800,130.6400,128.2300,130.2300,17537900
20161012,129.0500,129.6600,128.4600,129.0100,11073000
20161013,127.8200,128.2500,126.7500,128.2100,17139300
20161014,127.8800,128.9500,127.5800,128.4900,13345300
20161017,127.5400,128.4700,127.3200,128.2000,11351700
20161018,128.5700,129.3900,128.0100,128.6800,13504000
20161019,130.1100,130.4700,128.6000,128.7400,16752300
20161020,130.0000,130.6600,129.5000,130.0700,13167500
20161021,132.0700,132.1300,129.7000,129.7800,19088800
20161024,133.2800,133.4100,132.1500,132.7200,17470200
20161025,132.2900,133.5000,132.2200,133.5000,13336800
20161026,131.0400,132.2600,130.9400,131.6400,13084700
20161027,129.6900,131.8000,129.2700,131.7400,16741400
20161028,131.2900,132.9700,129.9300,130.5000,24545500
20161031,130.9900,132.1200,130.8800,132.0100,15669000
20161101,129.5000,131.9400,128.6500,131.4100,22077800
20161102,127.1700,130.2300,126.2800,130.2300,39640900
20161103,120.0000,123.2800,119.5000,122.0000,63766300
20161104,120.7500,121.9300,119.2500,119.5900,30545500
20161107,122.1500,123.2100,121.3500,122.8300,23008900
20161108,124.2200,124.6100,121.5400,122.0300,19367800
20161109,123.1800,123.8100,120.5100,121.5000,31856100
20161110,120.8000,124.1800,115.2700,123.9300,67822800
20161111,119.0200,120.7000,118.1500,119.5300,32804000
20161114,115.0800,119.1300,113.5500,119.1300,51247400
20161115,117.2000,118.4900,115.8300,116.7300,33270700
20161116,116.3400,117.8800,114.2100,114.4800,32345400
20161117,117.7900,117.7900,116.0100,116.8100,18556200
20161118,117.0200,119.1300,116.8400,118.3900,22051700
20161121,121.7700,121.9500,117.8000,118.2000,35288000
20161122,121.4700,122.9800,120.9000,122.4000,25992700
20161123,120.8400,121.3100,119.9400,121.2300,15592400
20161125,120.3800,121.1400,120.0700,121.0100,8638400
20161128,120.4100,121.6900,119.8200,120.1200,18073300
20161129,120.8700,122.1000,120.4000,120.5700,18846600
20161130,118.4200,121.7900,117.9500,120.3200,30035600
20161201,115.1000,118.4500,114.0000,118.3800,43209700
20161202,115.4000,116.4800,114.3000,115.1100,25015200
20161205,117.4300,117.5700,115.0700,115.9500,20095200
20161206,117.3100,117.8000,116.3300,117.6900,19048500
20161207,117.9500,117.9500,116.5700,117.0000,21855600
20161208,118.9100,119.5000,117.6400,117.9800,22404200
20161209,119.6800,119.9400,118.9500,119.2200,17436000
20161212,117.7700,119.2400,117.6500,119.2200,17769700
20161213,120.3100,121.5200,117.6100,117.8600,29558100
20161214,120.2100,121.6900,118.8500,120.0000,25667800
20161215,120.5700,122.5000,119.6300,120.0800,20102900
20161216,119.8700,121.5000,119.2700,120.9000,25174600
20161219,119.2400,120.3600,118.5100,119.8500,15841700
20161220,119.0900,119.7700,118.8000,119.5000,13528100
20161221,119.0400,119.2000,118.4800,118.9200,10735800
20161222,117.4000,118.9900,116.9300,118.8600,16222400
20161223,117.2700,117.5600,116.3000,117.0000,10877300
20161227,118.0100,118.6800,116.8600,116.9600,12027700
20161228,116.9200,118.2500,116.6500,118.1900,11980200
20161229,116.3500,117.5300,116.0600,117.0000,9921400
20161230,115.0500,116.8300,114.7700,116.6000,18600100
20170103,116.8600,117.8400,115.5100,116.0300,20602600
20170104,118.6900,119.6600,117.2900,117.5500,19549800
